INFO: there are 47 individuals in the target
INFO: target ids: 121,122,123,124,125,126,127,128,129,130,131,132,133,134,135,136,137,138,139,140,141,142,143,144,145,146,147,148,149,150,151,152,153,154,155,156,157,158,159,160,161,162,163,164,165,166,167
INFO: there are 48 individuals in the background
INFO: background ids: 192,193,194,195,196,197,198,199,200,201,202,203,204,205,206,207,208,209,210,211,212,213,214,215,216,217,218,219,220,221,222,223,224,225,226,227,228,229,230,231,232,233,234,235,236,237,238,246
INFO: file: /data/oziolore/fhet/data/varcall/filtered_chr.vcf.bgz
INFO: setting genotype likelihood format to: GL
INFO: There are 47 individuals in the target
INFO: target ids: 121,122,123,124,125,126,127,128,129,130,131,132,133,134,135,136,137,138,139,140,141,142,143,144,145,146,147,148,149,150,151,152,153,154,155,156,157,158,159,160,161,162,163,164,165,166,167
INFO: There are 48 individuals in the background
INFO: background ids: 192,193,194,195,196,197,198,199,200,201,202,203,204,205,206,207,208,209,210,211,212,213,214,215,216,217,218,219,220,221,222,223,224,225,226,227,228,229,230,231,232,233,234,235,236,237,238,246
INFO: File: /data/oziolore/fhet/data/varcall/filtered_chr.vcf.bgz
INFO: genotype likelihoods set to: GL
